56
1000
28
9
17
-24
-7
-19
11
-18
52
-16
-17
54
4
40
-50
3
-5
29
38
-39
25
55
45
35
-19
-16
7
3
-46
46
35
-18
-15
-26
1
4
30
28
-1
-52
11
19
49
32
-1
-10
1
-23
-21
28
-16
40
-52
-43
-29
33
-32
-36
-17
31
-28
3
10
-32
39
-5
-50
-51
4
48
16
-45
-27
55
-1
-4
-15
24
12
38
-18
23
24
-32
32
31
18
-32
48
10
-42
29
35
-27
9
-50
46
11
2
-15
-24
20
-8
-6
-25
-56
34
-37
-22
29
8
-30
-54
31
15
48
-8
-22
9
-56
45
-49
-34
-47
51
-49
44
-26
29
-18
43
-56
-28
-22
-27
-50
-11
15
-6
-34
-47
-33
-11
32
46
53
47
37
36
7
-25
28
22
12
39
-19
25
-31
36
-55
40
37
-16
-35
52
-56
49
54
-50
56
-6
19
39
43
7
41
10
27
-45
23
18
49
-13
-45
-55
46
-54
-26
-25
-27
5
-21
-50
-6
-44
22
17
-50
-46
-3
-38
-3
42
47
56
-35
3
-29
-30
5
38
-5
-16
19
-54
55
52
11
-3
5
-29
20
-50
34
10
-5
26
5
-56
51
26
13
34
-16
44
18
7
6
31
-43
-26
-9
7
-41
23
4
29
2
-34
16
-37
49
-44
-51
-55
53
26
-14
-45
-15
-11
-50
-10
37
25
47
-24
17
-30
-45
-47
-15
3
-29
28
29
10
-37
-29
-51
48
27
43
39
4
-15
47
-11
51
51
-14
-45
-52
-37
16
-31
-20
31
53
44
47
17
-36
55
7
-31
-39
27
36
51
-54
41
-52
-40
11
-10
24
-21
-37
-22
-53
27
-13
22
38
39
12
-2
-29
-51
-32
-24
21
-29
48
31
-51
-29
24
-51
-11
52
-47
-18
40
53
-48
-56
-53
-19
-6
-15
27
32
7
35
19
-56
-15
18
23
-50
23
53
-30
-13
-3
6
-29
34
-32
31
33
-16
48
22
-5
-32
47
38
-53
-35
26
-23
-1
-54
45
-46
37
-4
24
-41
-18
-28
44
5
9
46
8
-51
26
-4
-55
-21
34
-35
-46
44
2
-2
37
26
41
36
-39
45
-34
28
-37
-54
-20
-32
-45
48
-24
-23
49
-41
47
-6
31
-30
-25
34
-55
39
45
-36
9
-22
-19
20
-34
-8
15
14
-1
-37
-56
2
-16
48
-2
39
-35
15
-48
-7
48
9
-14
-51
-18
19
-33
51
37
-38
19
33
-15
-55
-12
14
33
-27
3
-29
-36
-38
21
-38
33
-34
-35
-27
13
12
31
30
-12
-5
50
28
-22
20
15
22
42
34
-32
-2
-36
11
-21
6
-39
-17
34
-41
-51
-31
-35
50
-30
19
-16
-37
15
44
26
55
-11
-53
-7
-32
-47
-10
40
6
-11
37
36
-20
5
-55
-36
-40
-12
5
-49
10
-55
-32
22
-9
37
-42
-13
50
38
-47
4
42
24
-44
-51
-41
17
24
-13
51
18
20
42
20
38
-30
-39
-11
17
-22
-56
-56
25
27
-52
-33
32
-8
-23
56
25
22
-22
49
46
2
-24
3
20
-40
22
-53
56
-9
-38
32
-40
28
12
43
-23
14
-27
-30
-28
39
-17
29
-27
-37
-15
27
37
27
-23
-52
-32
43
-56
-46
-54
48
-27
-23
9
-22
36
23
51
-38
38
-29
-1
26
53
27
-50
12
-6
10
-50
-34
44
29
-40
8
16
-17
43
-56
-35
-17
25
-16
43
-43
54
-54
13
-35
52
35
23
-50
4
5
12
-25
23
-27
30
52
-13
-43
47
-3
-10
50
-50
53
-26
33
28
50
-27
-4
40
-35
-36
-16
34
13
42
-46
-36
15
-36
2
-32
9
28
31
42
19
12
-41
-4
-5
12
-20
-33
7
-21
49
2
-13
14
43
13
38
-47
-40
-23
-13
-19
13
-36
-21
-3
27
-13
-18
-17
9
39
56
12
4
13
15
-30
27
9
-42
15
-54
-6
-32
-22
51
-6
55
-7
-20
21
37
-54
39
6
15
-27
-29
-1
-42
-52
-30
-41
-41
37
-42
-45
-35
51
-13
4
-49
-3
-5
5
-40
-6
9
8
16
53
-19
52
50
3
39
55
6
-39
-13
53
18
48
-3
13
-4
23
-36
-42
-18
35
-1
23
-23
16
4
6
-11
-16
16
-18
-39
-33
54
24
14
-13
-31
49
-27
-54
3
-17
-22
34
30
42
-56
-5
-5
6
20
-33
-11
-40
39
-25
19
-9
22
-1
27
4
7
23
-16
50
6
46
32
32
-42
6
13
-17
22
-51
10
29
37
-23
21
43
-44
-36
-43
-53
-46
-48
14
-24
-9
28
22
51
-56
1
3
-4
56
-13
-25
-11
-16
50
19
-6
40
-34
43
-12
20
-19
54
24
-56
-26
25
-5
-32
-4
-8
-46
-30
-25
6
-6
38
31
-6
38
33
-47
-32
50
56
-50
-47
-43
30
36
-44
-39
-45
39
-12
-14
-37
49
10
37
-56
6
33
-28
-7
35
16
6
-9
-20
-20
53
-33
56
-39
6
39
-53
50
-13
-13
-38
24
-43
-33
34
50
34
18
47
24
-23
-23
-15
3
41
20
-46
49
-48
-8
24
-46
25
54
-16
-7
41
31
-48
-2
-41
37
25
-36
-9
-38
13
-11
13
-18
-24
54
7
7
31
16
-55
-23
-40
-8
10
-43
39
-15
-5
13
4
39
49
-2
-22
-25
40
-4
-17
7
45
5
-56
-28
23
-36
27
-22
-26
-20
50
-51
45
47
-15
-24
8
54
-37
55
26
47
-42
1
28
18
17
-41
-25
-46
-54
16
43
47
9
-4
-27
-2
4
3
50
-49
-24
32
34
15
28
47
-24
-10
35
8
-48
27
34
42
14
-1
41
-47
-46
-46
55
26
39
-34
30
30
-25
49
22
-17
14
41
33
-3
-9
-47
-25
1
35
-51
34
37
48
44
30
-16
5
45
-34
-10
-27
-5
43
-55
-26
-4
-35
-29
-52
30
-22
31
24
5
22
41
32
-33
52
-48
-40
-8
-42
-43
-40
-19
-37
-54
-30
24
-35
26
-48
-11
54
48
28
-16
31
-9
28
7
2
-50
17
-49
45
10
44
34
35
-50
9
-39
-24
-4
-47
-15
-51
-31
-37
41
51
-27
43
20
39
36
-14
-38
37
15
28
-36
-44
3
14
3
19
-23
-40
18
56
53
47
12
5
-35
-29
-23
16
-3
-9
24
50
-56
41
-9
-45
-35
14
-4
41
-53
55
-53
-49
-11
-47
32
-16
39
-47
-4
-11
2
32
-21
-23
-3
-32
29
-47
43
-54
-19
18
-50
35
35
46
-22
13
32
29
19
56
18
36
-21
5
-16
-18
47
33
33
-7
25
13
-52
-8
23
-9
-50
-50
-8
10
26
30
19
48
3
47
-27
32
28
29
-10
-53
-24
-36
46
29
-1
-39
1
13
8
-53
-48
-6
-9
-14
-55
-54
19
-51
33
-14
41
39
-56
21
-41
24
42
-3
21
11
-37
45
14
-22
3
-47
54
-7
-38
-45
54
52
39
-51
43
14
-28
-37
-12
14
-45
56
-28
32
5
26
-15
51
-55
30
-17
41
-55
45
50
-53
-28
16
44
-25
-18
30
-42
-35
-56
-23
-10
-32
46
10
15
32
-52
8
22
25
2
-32
-39
-44
-24
-55
-44
-53
41
43
27
-15
19
-45
-33
-33
56
-7
-12
-42
7
55
-40
11
25
-7
40
38
-52
47
-9
1
-34
-51
54
26
-15
-28
-49
27
34
-23
33
-37
25
2
-31
40
48
-1
-47
-25
-5
6
46
3
-33
-45
-17
31
20
24
-47
42
7
-45
-4
24
29
-51
51
30
29
-50
-11
-50
-49
-19
-39
-34
-39
-48
-23
-10
9
-48
-18
40
2
22
-53
41
27
45
42
13
48
-11
52
-2
-21
44
9
-15
2
12
-37
-44
36
24
53
23
54
6
-9
-35
-40
7
-48
-19
55
-54
6
3
-13
-4
-1
-16
-35
8
-7
17
11
-26
26
53
-30
-56
-32
-13
-5
29
-46
56
16
48
-48
36
41
6
-42
2
41
20
56
5
-43
30
11
-9
-53
39
17
5
53
2
47
32
-49
52
-47
-52
-34
-55
44
-25
29
-51
-6
43
44
-54
-47
35
47
15
-35
-3
-49
44
48
-1
-48
-39
32
-24
52
37
43
32
16
54
-37
-38
54
12
17
-16
37
52
-8
-23
15
-37
14
53
29
24
35
-43
-38
-31
-22
-16
48
12
-23
3
18
-17
-44
40
20
41
47
42
-19
12
-56
1
-41
-20
-38
-14
39
-28
-52
35
-2
39
17
16
56
-43
15
37
-39
21
14
39
-6
-9
-54
-8
-25
21
46
-51
-53
-30
32
-42
-14
41
-9
7
18
-21
-40
6
-29
-39
-6
52
-39
38
-34
36
17
-17
-54
3
25
8
53
-32
-4
-40
-19
2
51
-20
50
24
-33
-26
55
44
-38
54
-36
-20
-22
-25
23
24
31
-6
20
-3
-7
-49
23
-9
40
46
-35
41
-15
-48
6
-15
14
-30
34
1
-15
1
39
10
-54
12
-12
16
-26
-54
35
34
-26
-48
44
-33
38
-35
-12
-24
24
1
-27
3
-23
29
-26
2
8
48
39
47
-1
40
53
45
50
-48
-11
23
-47
-41
-37
-42
-39
-43
-24
6
-10
-4
46
26
48
-46
-16
32
-13
3
39
17
19
-30
52
29
-30
23
19
37
-29
-53
48
20
44
9
30
-55
4
13
5
-40
-39
-7
30
-26
-23
31
14
9
46
10
2
49
42
-54
-11
-37
-40
-48
-1
-4
-4
-55
7
-4
-19
40
5
-32
-51
-25
22
55
-11
-55
10
1
45
-20
53
2
-38
-45
-20
-8
-9
-2
23
-14
-47
7
34
52
-49
-6
-19
-10
19
-22
-45
25
1
17
37
51
18
-21
50
-53
-3
-17
51
35
-19
-11
-40
40
44
-38
37
-51
15
19
-25
3
-45
-24
7
18
-40
35
51
39
19
-40
22
-40
19
2
-12
-14
-9
-48
-30
-15
44
-20
-18
-31
-23
13
-43
22
-23
-36
-20
-40
10
-18
48
-14
20
25
-50
-17
20
12
41
-42
37
-8
31
-33
-1
-35
-47
-14
-55
5
-3
49
-31
-43
-10
38
2
-30
-10
48
4
21
-25
-14
-2
27
26
-53
-23
-41
18
-54
7
-42
1
-41
31
-9
41
7
36
-37
-40
-18
-16
49
46
54
22
13
-17
38
-37
-43
-54
51
31
10
11
1
17
-16
2
-40
-20
26
4
43
-33
-45
33
-12
47
46
48
-1
38
45
-39
13
-46
-2
12
2
-52
-8
31
-3
8
24
17
-36
-33
-13
8
-43
-42
-5
-11
-56
-55
2
-2
31
-32
8
-54
52
26
30
17
-23
45
-38
1
5
-28
-25
-38
22
-49
13
-9
22
-3
-37
-52
33
42
-39
-1
-55
-29
-25
6
29
-11
-22
11
-13
-43
20
16
51
23
-35
49
-19
-29
-52
31
20
17
36
-18
39
-39
-4
38
-32
-54
-48
49
29
-43
-37
-34
-23
-21
-16
-3
-6
-9
-31
-20
-28
-18
-14
42
-3
6
-11
-16
40
-31
-34
-27
-53
41
9
21
-27
-32
25
-8
-29
14
55
2
-38
-46
20
-52
15
-40
34
-32
41
18
48
30
54
54
55
-46
-36
5
44
26
15
18
-18
-8
-9
-9
-27
-54
55
-34
-3
-51
-51
-53
9
-17
-46
6
6
-35
14
-27
-25
-30
-35
-42
56
-50
30
3
-49
-51
-31
4
55
-25
3
7
1
-16
34
-17
50
12
19
30
13
-52
44
52
43
-13
33
39
-9
-11
-54
-12
51
28
30
1
-7
-4
26
33
5
-14
48
-25
41
-50
33
-25
32
39
-13
55
-43
39
2
43
-17
-35
-49
10
41
-43
-34
14
21
-54
22
38
-34
48
-52
-14
-40
29
-1
-14
-44
38
-4
49
55
-24
4
-26
37
-37
56
11
-28
-13
-52
-9
-8
-13
-1
-12
31
54
56
-49
-53
-55
9
39
39
31
-49
33
44
40
-47
-49
7
25
-21
-30
5
-13
53
-31
27
-8
20
-30
-20
44
12
53
-34
45
35
-18
-43
15
4
-5
5
9
-56
25
-10
24
38
42
2
-3
-49
53
49
-4
43
-28
44
-21
3
28
-9
16
-40
17
43
41
-17
-11
-50
28
-46
-36
16
-46
35
-8
3
16
15
-36
7
39
-29
-32
-17
17
-36
-22
37
7
36
-31
24
37
-56
-10
-22
24
-36
-39
34
-1
11
3
12
35
-40
-4
-51
2
-10
40
-46
43
-29
49
46
18
-30
-26
36
50
-8
47
37
-40
17
15
50
-41
-56
-42
-54
20
43
18
33
-52
-42
45
-44
-10
46
-14
-51
-41
21
-24
12
-12
8
-24
7
-47
25
54
31
17
-12
-18
19
28
42
43
6
-42
48
14
-6
-40
28
41
6
4
-20
-48
-37
-24
48
21
-20
47
-31
14
-33
31
-34
-9
53
-31
21
38
-27
5
48
-41
-10
-53
-44
-45
-50
42
41
-29
-14
36
46
-9
-36
38
-7
-54
41
-56
7
-55
11
-32
53
29
-23
-10
6
-52
-55
55
35
-25
-29
12
-54
-40
-30
-23
-40
-17
-46
-39
-35
43
-20
-9
-43
7
54
28
45
22
-42
51
-54
-8
27
-30
-4
31
-10
39
1
-54
-17
-56
40
16
36
-46
-39
-25
37
31
9
-42
-48
-25
35
24
54
-8
-11
13
-40
41
11
39
34
10
8
-11
-3
-36
36
-24
18
-10
18
55
-12
2
-17
12
-40
32
54
-34
50
-7
-38
-29
16
27
32
-46
4
-14
19
-40
39
-33
46
-11
-49
50
-18
-1
30
30
-31
52
52
-46
48
-27
47
-36
36
-20
51
34
-46
21
22
32
-30
44
-45
-23
-38
31
-41
-5
-56
44
27
53
50
20
30
-55
-4
31
3
28
3
-43
7
36
53
-45
-12
50
51
42
1
-11
-14
1
-51
-50
3
-46
-11
6
-29
-19
53
-2
-53
19
34
-10
-9
38
7
50
-19
18
32
28
2
35
-28
46
-27
2
-31
37
14
10
25
-13
51
20
-6
47
-53
-23
-16
-42
38
34
-1
-8
-11
-48
6
-5
-47
-50
-8
42
-20
-46
-14
50
-1
25
7
47
16
-46
-21
-52
-12
41
10
-49
-56
-23
53
-22
12
-13
35
-10
26
38
10
48
-18
3
49
-38
24
-8
37
3
-17
-11
-40
48
-30
48
-56
-55
-27
-18
11
-26
-27
-3
50
-25
-8
10
-50
-55
45
-46
-18
43
-20
-7
-5
-38
-48
40
6
32
19
54
44
-38
21
-10
-37
46
38
-49
14
-21
-40
-24
44
-32
-54
23
-25
-15
-56
-26
19
30
37
27
-37
14
-2
8
51
-42
-19
40
2
-1
14
48
-23
55
-25
-46
-37
-35
7
56
-45
-34
-52
-48
-47
-51
29
-23
41
-50
-33
26
-35
47
15
21
7
-8
49
3
-26
-35
12
52
-44
23
-44
46
-56
27
45
-51
-33
-40
49
15
-20
-32
-40
5
28
-42
43
45
-27
-17
-54
28
22
-47
-34
5
9
-20
44
-43
55
6
-29
4
-51
28
-6
5
-18
-53
18
-36
38
-43
-30
-40
-32
6
-5
39
18
16
-18
43
-43
-5
-25
24
42
-9
19
-3
30
-9
-52
-47
19
33
25
-56
-53
-52
-34
37
-18
-34
22
-32
-53
-49
-44
54
51
-9
38
-12
37
52
-11
-19
-4
33
33
23
-53
-20
34
-29
-12
21
-54
-9
-53
-25
-19
-2
38
-2
17
-4
49
-50
7
-13
-12
20
-4
53
13
-40
42
28
-4
-11
-55
55
-2
-47
44
-44
8
-23
-30
53
46
-50
51
49
32
46
-25
-11
13
-50
10
-20
19
29
48
40
55
12
-12
-10
-5
51
34
35
-43
15
54
-19
49
6
-35
-19
7
-17
39
-51
12
26
15
-40
